0
2813 4
-384.00000000 784.00000000 -664.00000000
-464.00000000 784.00000000 -664.00000000
-428.00000000 676.00000000 -664.00000000
-368.00000000 736.00000000 -664.00000000
9226 3
-464.00000000 784.00000000 -664.00000000
-384.00000000 784.00000000 -664.00000000
-384.00000000 784.00000000 -648.00000000
9272 3
-368.00000000 736.00000000 -648.00000000
-368.00000000 736.00000000 -664.00000000
-428.00000000 676.00000000 -664.00000000
9276 4
-384.00000000 784.00000000 -648.00000000
-384.00000000 784.00000000 -664.00000000
-368.00000000 736.00000000 -664.00000000
-368.00000000 736.00000000 -648.00000000
9282 4
-428.00000000 676.00000000 -664.00000000
-464.00000000 784.00000000 -664.00000000
-384.00000000 784.00000000 -648.00000000
-368.00000000 736.00000000 -648.00000000
-1 -1
0
2813 4
-464.00000000 784.00000000 -664.00000000
-384.00000000 784.00000000 -664.00000000
-368.00000000 832.00000000 -664.00000000
-428.00000000 892.00000000 -664.00000000
9227 3
-384.00000000 784.00000000 -648.00000000
-384.00000000 784.00000000 -664.00000000
-464.00000000 784.00000000 -664.00000000
810 3
-428.00000000 892.00000000 -664.00000000
-368.00000000 832.00000000 -664.00000000
-368.00000000 832.00000000 -648.00000000
9232 4
-368.00000000 832.00000000 -648.00000000
-368.00000000 832.00000000 -664.00000000
-384.00000000 784.00000000 -664.00000000
-384.00000000 784.00000000 -648.00000000
9252 4
-384.00000000 784.00000000 -648.00000000
-464.00000000 784.00000000 -664.00000000
-428.00000000 892.00000000 -664.00000000
-368.00000000 832.00000000 -648.00000000
-1 -1
0
2813 4
-428.00000000 892.00000000 -664.00000000
-368.00000000 832.00000000 -664.00000000
-320.00000000 848.00000000 -664.00000000
-320.00000000 928.00000000 -664.00000000
9224 3
-320.00000000 928.00000000 -664.00000000
-320.00000000 848.00000000 -664.00000000
-320.00000000 848.00000000 -648.00000000
811 3
-368.00000000 832.00000000 -648.00000000
-368.00000000 832.00000000 -664.00000000
-428.00000000 892.00000000 -664.00000000
9257 4
-320.00000000 848.00000000 -648.00000000
-320.00000000 848.00000000 -664.00000000
-368.00000000 832.00000000 -664.00000000
-368.00000000 832.00000000 -648.00000000
9262 4
-428.00000000 892.00000000 -664.00000000
-320.00000000 928.00000000 -664.00000000
-320.00000000 848.00000000 -648.00000000
-368.00000000 832.00000000 -648.00000000
-1 -1
0
2813 4
-320.00000000 928.00000000 -664.00000000
-320.00000000 848.00000000 -664.00000000
-272.00000000 832.00000000 -664.00000000
-212.00000000 892.00000000 -664.00000000
9225 3
-320.00000000 848.00000000 -648.00000000
-320.00000000 848.00000000 -664.00000000
-320.00000000 928.00000000 -664.00000000
9272 3
-212.00000000 892.00000000 -664.00000000
-272.00000000 832.00000000 -664.00000000
-272.00000000 832.00000000 -648.00000000
9245 4
-272.00000000 832.00000000 -648.00000000
-272.00000000 832.00000000 -664.00000000
-320.00000000 848.00000000 -664.00000000
-320.00000000 848.00000000 -648.00000000
9254 4
-320.00000000 848.00000000 -648.00000000
-320.00000000 928.00000000 -664.00000000
-212.00000000 892.00000000 -664.00000000
-272.00000000 832.00000000 -648.00000000
-1 -1
0
2813 4
-212.00000000 892.00000000 -664.00000000
-272.00000000 832.00000000 -664.00000000
-256.00000000 784.00000000 -664.00000000
-176.00000000 784.00000000 -664.00000000
9227 3
-176.00000000 784.00000000 -664.00000000
-256.00000000 784.00000000 -664.00000000
-256.00000000 784.00000000 -648.00000000
9273 3
-272.00000000 832.00000000 -648.00000000
-272.00000000 832.00000000 -664.00000000
-212.00000000 892.00000000 -664.00000000
9247 4
-256.00000000 784.00000000 -648.00000000
-256.00000000 784.00000000 -664.00000000
-272.00000000 832.00000000 -664.00000000
-272.00000000 832.00000000 -648.00000000
9274 4
-212.00000000 892.00000000 -664.00000000
-176.00000000 784.00000000 -664.00000000
-256.00000000 784.00000000 -648.00000000
-272.00000000 832.00000000 -648.00000000
-1 -1
0
2813 4
-176.00000000 784.00000000 -664.00000000
-256.00000000 784.00000000 -664.00000000
-272.00000000 736.00000000 -664.00000000
-212.00000000 676.00000000 -664.00000000
9226 3
-256.00000000 784.00000000 -648.00000000
-256.00000000 784.00000000 -664.00000000
-176.00000000 784.00000000 -664.00000000
811 3
-212.00000000 676.00000000 -664.00000000
-272.00000000 736.00000000 -664.00000000
-272.00000000 736.00000000 -648.00000000
9285 4
-272.00000000 736.00000000 -648.00000000
-272.00000000 736.00000000 -664.00000000
-256.00000000 784.00000000 -664.00000000
-256.00000000 784.00000000 -648.00000000
9286 4
-256.00000000 784.00000000 -648.00000000
-176.00000000 784.00000000 -664.00000000
-212.00000000 676.00000000 -664.00000000
-272.00000000 736.00000000 -648.00000000
-1 -1
0
2813 4
-212.00000000 676.00000000 -664.00000000
-272.00000000 736.00000000 -664.00000000
-320.00000000 720.00000000 -664.00000000
-320.00000000 640.00000000 -664.00000000
9225 3
-320.00000000 640.00000000 -664.00000000
-320.00000000 720.00000000 -664.00000000
-320.00000000 720.00000000 -648.00000000
810 3
-272.00000000 736.00000000 -648.00000000
-272.00000000 736.00000000 -664.00000000
-212.00000000 676.00000000 -664.00000000
9348 4
-320.00000000 720.00000000 -648.00000000
-320.00000000 720.00000000 -664.00000000
-272.00000000 736.00000000 -664.00000000
-272.00000000 736.00000000 -648.00000000
9356 4
-212.00000000 676.00000000 -664.00000000
-320.00000000 640.00000000 -664.00000000
-320.00000000 720.00000000 -648.00000000
-272.00000000 736.00000000 -648.00000000
-1 -1
0
2813 4
-320.00000000 640.00000000 -664.00000000
-320.00000000 720.00000000 -664.00000000
-368.00000000 736.00000000 -664.00000000
-428.00000000 676.00000000 -664.00000000
9224 3
-320.00000000 720.00000000 -648.00000000
-320.00000000 720.00000000 -664.00000000
-320.00000000 640.00000000 -664.00000000
9273 3
-428.00000000 676.00000000 -664.00000000
-368.00000000 736.00000000 -664.00000000
-368.00000000 736.00000000 -648.00000000
9362 4
-368.00000000 736.00000000 -648.00000000
-368.00000000 736.00000000 -664.00000000
-320.00000000 720.00000000 -664.00000000
-320.00000000 720.00000000 -648.00000000
9372 4
-320.00000000 640.00000000 -664.00000000
-428.00000000 676.00000000 -664.00000000
-368.00000000 736.00000000 -648.00000000
-320.00000000 720.00000000 -648.00000000
-1 -1
0
6996 4
316.00000000 756.00000000 80.00000000
316.00000000 812.00000000 80.00000000
324.00000000 812.00000000 80.00000000
324.00000000 756.00000000 80.00000000
4273 4
312.00000000 816.00000000 68.00000000
312.00000000 752.00000000 68.00000000
328.00000000 752.00000000 68.00000000
328.00000000 816.00000000 68.00000000
9439 4
312.00000000 752.00000000 68.00000000
312.00000000 816.00000000 68.00000000
316.00000000 812.00000000 80.00000000
316.00000000 756.00000000 80.00000000
9432 4
328.00000000 816.00000000 68.00000000
328.00000000 752.00000000 68.00000000
324.00000000 756.00000000 80.00000000
324.00000000 812.00000000 80.00000000
9430 4
312.00000000 816.00000000 68.00000000
328.00000000 816.00000000 68.00000000
324.00000000 812.00000000 80.00000000
316.00000000 812.00000000 80.00000000
9423 4
328.00000000 752.00000000 68.00000000
312.00000000 752.00000000 68.00000000
316.00000000 756.00000000 80.00000000
324.00000000 756.00000000 80.00000000
-1 -1
0
6996 4
316.00000000 1028.00000000 80.00000000
316.00000000 1084.00000000 80.00000000
324.00000000 1084.00000000 80.00000000
324.00000000 1028.00000000 80.00000000
4273 4
312.00000000 1088.00000000 68.00000000
312.00000000 1024.00000000 68.00000000
328.00000000 1024.00000000 68.00000000
328.00000000 1088.00000000 68.00000000
9439 4
312.00000000 1024.00000000 68.00000000
312.00000000 1088.00000000 68.00000000
316.00000000 1084.00000000 80.00000000
316.00000000 1028.00000000 80.00000000
9432 4
328.00000000 1088.00000000 68.00000000
328.00000000 1024.00000000 68.00000000
324.00000000 1028.00000000 80.00000000
324.00000000 1084.00000000 80.00000000
9466 4
312.00000000 1088.00000000 68.00000000
328.00000000 1088.00000000 68.00000000
324.00000000 1084.00000000 80.00000000
316.00000000 1084.00000000 80.00000000
9459 4
328.00000000 1024.00000000 68.00000000
312.00000000 1024.00000000 68.00000000
316.00000000 1028.00000000 80.00000000
324.00000000 1028.00000000 80.00000000
-1 -1
0
6996 4
316.00000000 1300.00000000 80.00000000
316.00000000 1356.00000000 80.00000000
324.00000000 1356.00000000 80.00000000
324.00000000 1300.00000000 80.00000000
4273 4
312.00000000 1360.00000000 68.00000000
312.00000000 1296.00000000 68.00000000
328.00000000 1296.00000000 68.00000000
328.00000000 1360.00000000 68.00000000
9432 4
328.00000000 1360.00000000 68.00000000
328.00000000 1296.00000000 68.00000000
324.00000000 1300.00000000 80.00000000
324.00000000 1356.00000000 80.00000000
9439 4
312.00000000 1296.00000000 68.00000000
312.00000000 1360.00000000 68.00000000
316.00000000 1356.00000000 80.00000000
316.00000000 1300.00000000 80.00000000
9519 4
328.00000000 1296.00000000 68.00000000
312.00000000 1296.00000000 68.00000000
316.00000000 1300.00000000 80.00000000
324.00000000 1300.00000000 80.00000000
9514 4
312.00000000 1360.00000000 68.00000000
328.00000000 1360.00000000 68.00000000
324.00000000 1356.00000000 80.00000000
316.00000000 1356.00000000 80.00000000
-1 -1
0
5409 4
3040.00000000 -376.00000000 -92.00000000
3040.00000000 -392.00000000 -92.00000000
3104.00000000 -392.00000000 -92.00000000
3104.00000000 -376.00000000 -92.00000000
6384 4
3044.00000000 -388.00000000 -80.00000000
3044.00000000 -380.00000000 -80.00000000
3100.00000000 -380.00000000 -80.00000000
3100.00000000 -388.00000000 -80.00000000
9567 4
3040.00000000 -392.00000000 -92.00000000
3040.00000000 -376.00000000 -92.00000000
3044.00000000 -380.00000000 -80.00000000
3044.00000000 -388.00000000 -80.00000000
9564 4
3104.00000000 -376.00000000 -92.00000000
3104.00000000 -392.00000000 -92.00000000
3100.00000000 -388.00000000 -80.00000000
3100.00000000 -380.00000000 -80.00000000
9559 4
3104.00000000 -392.00000000 -92.00000000
3040.00000000 -392.00000000 -92.00000000
3044.00000000 -388.00000000 -80.00000000
3100.00000000 -388.00000000 -80.00000000
9552 4
3040.00000000 -376.00000000 -92.00000000
3104.00000000 -376.00000000 -92.00000000
3100.00000000 -380.00000000 -80.00000000
3044.00000000 -380.00000000 -80.00000000
-1 -1
0
5409 4
3232.00000000 -376.00000000 -92.00000000
3232.00000000 -392.00000000 -92.00000000
3296.00000000 -392.00000000 -92.00000000
3296.00000000 -376.00000000 -92.00000000
6384 4
3236.00000000 -388.00000000 -80.00000000
3236.00000000 -380.00000000 -80.00000000
3292.00000000 -380.00000000 -80.00000000
3292.00000000 -388.00000000 -80.00000000
9575 4
3232.00000000 -392.00000000 -92.00000000
3232.00000000 -376.00000000 -92.00000000
3236.00000000 -380.00000000 -80.00000000
3236.00000000 -388.00000000 -80.00000000
9572 4
3296.00000000 -376.00000000 -92.00000000
3296.00000000 -392.00000000 -92.00000000
3292.00000000 -388.00000000 -80.00000000
3292.00000000 -380.00000000 -80.00000000
9559 4
3296.00000000 -392.00000000 -92.00000000
3232.00000000 -392.00000000 -92.00000000
3236.00000000 -388.00000000 -80.00000000
3292.00000000 -388.00000000 -80.00000000
9552 4
3232.00000000 -376.00000000 -92.00000000
3296.00000000 -376.00000000 -92.00000000
3292.00000000 -380.00000000 -80.00000000
3236.00000000 -380.00000000 -80.00000000
-1 -1
0
5409 4
3040.00000000 -216.00000000 -92.00000000
3040.00000000 -232.00000000 -92.00000000
3104.00000000 -232.00000000 -92.00000000
3104.00000000 -216.00000000 -92.00000000
6384 4
3044.00000000 -228.00000000 -80.00000000
3044.00000000 -220.00000000 -80.00000000
3100.00000000 -220.00000000 -80.00000000
3100.00000000 -228.00000000 -80.00000000
9567 4
3040.00000000 -232.00000000 -92.00000000
3040.00000000 -216.00000000 -92.00000000
3044.00000000 -220.00000000 -80.00000000
3044.00000000 -228.00000000 -80.00000000
9564 4
3104.00000000 -216.00000000 -92.00000000
3104.00000000 -232.00000000 -92.00000000
3100.00000000 -228.00000000 -80.00000000
3100.00000000 -220.00000000 -80.00000000
9613 4
3104.00000000 -232.00000000 -92.00000000
3040.00000000 -232.00000000 -92.00000000
3044.00000000 -228.00000000 -80.00000000
3100.00000000 -228.00000000 -80.00000000
9608 4
3040.00000000 -216.00000000 -92.00000000
3104.00000000 -216.00000000 -92.00000000
3100.00000000 -220.00000000 -80.00000000
3044.00000000 -220.00000000 -80.00000000
-1 -1
0
5409 4
3232.00000000 -216.00000000 -92.00000000
3232.00000000 -232.00000000 -92.00000000
3296.00000000 -232.00000000 -92.00000000
3296.00000000 -216.00000000 -92.00000000
6384 4
3236.00000000 -228.00000000 -80.00000000
3236.00000000 -220.00000000 -80.00000000
3292.00000000 -220.00000000 -80.00000000
3292.00000000 -228.00000000 -80.00000000
9575 4
3232.00000000 -232.00000000 -92.00000000
3232.00000000 -216.00000000 -92.00000000
3236.00000000 -220.00000000 -80.00000000
3236.00000000 -228.00000000 -80.00000000
9572 4
3296.00000000 -216.00000000 -92.00000000
3296.00000000 -232.00000000 -92.00000000
3292.00000000 -228.00000000 -80.00000000
3292.00000000 -220.00000000 -80.00000000
9613 4
3296.00000000 -232.00000000 -92.00000000
3232.00000000 -232.00000000 -92.00000000
3236.00000000 -228.00000000 -80.00000000
3292.00000000 -228.00000000 -80.00000000
9608 4
3232.00000000 -216.00000000 -92.00000000
3296.00000000 -216.00000000 -92.00000000
3292.00000000 -220.00000000 -80.00000000
3236.00000000 -220.00000000 -80.00000000
-1 -1
0
5409 4
3232.00000000 -56.00000000 -92.00000000
3232.00000000 -72.00000000 -92.00000000
3296.00000000 -72.00000000 -92.00000000
3296.00000000 -56.00000000 -92.00000000
6384 4
3236.00000000 -68.00000000 -80.00000000
3236.00000000 -60.00000000 -80.00000000
3292.00000000 -60.00000000 -80.00000000
3292.00000000 -68.00000000 -80.00000000
9575 4
3232.00000000 -72.00000000 -92.00000000
3232.00000000 -56.00000000 -92.00000000
3236.00000000 -60.00000000 -80.00000000
3236.00000000 -68.00000000 -80.00000000
9572 4
3296.00000000 -56.00000000 -92.00000000
3296.00000000 -72.00000000 -92.00000000
3292.00000000 -68.00000000 -80.00000000
3292.00000000 -60.00000000 -80.00000000
9611 4
3296.00000000 -72.00000000 -92.00000000
3232.00000000 -72.00000000 -92.00000000
3236.00000000 -68.00000000 -80.00000000
3292.00000000 -68.00000000 -80.00000000
9606 4
3232.00000000 -56.00000000 -92.00000000
3296.00000000 -56.00000000 -92.00000000
3292.00000000 -60.00000000 -80.00000000
3236.00000000 -60.00000000 -80.00000000
-1 -1
0
5409 4
3040.00000000 -56.00000000 -92.00000000
3040.00000000 -72.00000000 -92.00000000
3104.00000000 -72.00000000 -92.00000000
3104.00000000 -56.00000000 -92.00000000
6384 4
3044.00000000 -68.00000000 -80.00000000
3044.00000000 -60.00000000 -80.00000000
3100.00000000 -60.00000000 -80.00000000
3100.00000000 -68.00000000 -80.00000000
9567 4
3040.00000000 -72.00000000 -92.00000000
3040.00000000 -56.00000000 -92.00000000
3044.00000000 -60.00000000 -80.00000000
3044.00000000 -68.00000000 -80.00000000
9564 4
3104.00000000 -56.00000000 -92.00000000
3104.00000000 -72.00000000 -92.00000000
3100.00000000 -68.00000000 -80.00000000
3100.00000000 -60.00000000 -80.00000000
9611 4
3104.00000000 -72.00000000 -92.00000000
3040.00000000 -72.00000000 -92.00000000
3044.00000000 -68.00000000 -80.00000000
3100.00000000 -68.00000000 -80.00000000
9606 4
3040.00000000 -56.00000000 -92.00000000
3104.00000000 -56.00000000 -92.00000000
3100.00000000 -60.00000000 -80.00000000
3044.00000000 -60.00000000 -80.00000000
-1 -1
0
48 4
3320.00000000 -764.00000000 -272.00000000
3320.00000000 -708.00000000 -272.00000000
3328.00000000 -708.00000000 -272.00000000
3328.00000000 -764.00000000 -272.00000000
5755 4
3312.00000000 -704.00000000 -284.00000000
3312.00000000 -768.00000000 -284.00000000
3328.00000000 -768.00000000 -284.00000000
3328.00000000 -704.00000000 -284.00000000
3820 4
3328.00000000 -704.00000000 -284.00000000
3328.00000000 -768.00000000 -284.00000000
3328.00000000 -764.00000000 -272.00000000
3328.00000000 -708.00000000 -272.00000000
9637 4
3312.00000000 -768.00000000 -284.00000000
3312.00000000 -704.00000000 -284.00000000
3320.00000000 -708.00000000 -272.00000000
3320.00000000 -764.00000000 -272.00000000
9629 4
3328.00000000 -768.00000000 -284.00000000
3312.00000000 -768.00000000 -284.00000000
3320.00000000 -764.00000000 -272.00000000
3328.00000000 -764.00000000 -272.00000000
9620 4
3312.00000000 -704.00000000 -284.00000000
3328.00000000 -704.00000000 -284.00000000
3328.00000000 -708.00000000 -272.00000000
3320.00000000 -708.00000000 -272.00000000
-1 -1
0
5755 4
2624.00000000 -1200.00000000 -284.00000000
2624.00000000 -1216.00000000 -284.00000000
2688.00000000 -1216.00000000 -284.00000000
2688.00000000 -1200.00000000 -284.00000000
48 4
2684.00000000 -1216.00000000 -272.00000000
2628.00000000 -1216.00000000 -272.00000000
2628.00000000 -1208.00000000 -272.00000000
2684.00000000 -1208.00000000 -272.00000000
3803 4
2688.00000000 -1216.00000000 -284.00000000
2624.00000000 -1216.00000000 -284.00000000
2628.00000000 -1216.00000000 -272.00000000
2684.00000000 -1216.00000000 -272.00000000
9642 4
2688.00000000 -1200.00000000 -284.00000000
2688.00000000 -1216.00000000 -284.00000000
2684.00000000 -1216.00000000 -272.00000000
2684.00000000 -1208.00000000 -272.00000000
9635 4
2624.00000000 -1216.00000000 -284.00000000
2624.00000000 -1200.00000000 -284.00000000
2628.00000000 -1208.00000000 -272.00000000
2628.00000000 -1216.00000000 -272.00000000
9626 4
2624.00000000 -1200.00000000 -284.00000000
2688.00000000 -1200.00000000 -284.00000000
2684.00000000 -1208.00000000 -272.00000000
2628.00000000 -1208.00000000 -272.00000000
-1 -1
0
48 4
1980.00000000 -1216.00000000 -272.00000000
1924.00000000 -1216.00000000 -272.00000000
1924.00000000 -1208.00000000 -272.00000000
1980.00000000 -1208.00000000 -272.00000000
5755 4
1984.00000000 -1200.00000000 -284.00000000
1920.00000000 -1200.00000000 -284.00000000
1920.00000000 -1216.00000000 -284.00000000
1984.00000000 -1216.00000000 -284.00000000
3803 4
1984.00000000 -1216.00000000 -284.00000000
1920.00000000 -1216.00000000 -284.00000000
1924.00000000 -1216.00000000 -272.00000000
1980.00000000 -1216.00000000 -272.00000000
9626 4
1920.00000000 -1200.00000000 -284.00000000
1984.00000000 -1200.00000000 -284.00000000
1980.00000000 -1208.00000000 -272.00000000
1924.00000000 -1208.00000000 -272.00000000
9759 4
1920.00000000 -1216.00000000 -284.00000000
1920.00000000 -1200.00000000 -284.00000000
1924.00000000 -1208.00000000 -272.00000000
1924.00000000 -1216.00000000 -272.00000000
9746 4
1984.00000000 -1200.00000000 -284.00000000
1984.00000000 -1216.00000000 -284.00000000
1980.00000000 -1216.00000000 -272.00000000
1980.00000000 -1208.00000000 -272.00000000
-1 -1
0
5755 4
2336.00000000 -960.00000000 -284.00000000
2272.00000000 -960.00000000 -284.00000000
2272.00000000 -976.00000000 -284.00000000
2336.00000000 -976.00000000 -284.00000000
48 4
2276.00000000 -968.00000000 -272.00000000
2276.00000000 -960.00000000 -272.00000000
2332.00000000 -960.00000000 -272.00000000
2332.00000000 -968.00000000 -272.00000000
3906 4
2272.00000000 -960.00000000 -284.00000000
2336.00000000 -960.00000000 -284.00000000
2332.00000000 -960.00000000 -272.00000000
2276.00000000 -960.00000000 -272.00000000
9771 4
2272.00000000 -976.00000000 -284.00000000
2272.00000000 -960.00000000 -284.00000000
2276.00000000 -960.00000000 -272.00000000
2276.00000000 -968.00000000 -272.00000000
9756 4
2336.00000000 -960.00000000 -284.00000000
2336.00000000 -976.00000000 -284.00000000
2332.00000000 -968.00000000 -272.00000000
2332.00000000 -960.00000000 -272.00000000
9751 4
2336.00000000 -976.00000000 -284.00000000
2272.00000000 -976.00000000 -284.00000000
2276.00000000 -968.00000000 -272.00000000
2332.00000000 -968.00000000 -272.00000000
-1 -1
0
5755 4
3032.69500322 -871.42599703 -284.00000000
2987.43135746 -916.68735675 -284.00000000
2998.75000000 -928.00000000 -284.00000000
3043.99792963 -882.74292707 -284.00000000
48 4
2995.92000000 -919.51500000 -272.00000000
2990.26000000 -913.85800000 -272.00000000
3029.86000000 -874.26000000 -272.00000000
3035.51000000 -879.91700000 -272.00000000
10094 4
2987.43135746 -916.68735675 -284.00000000
3032.69500322 -871.42599703 -284.00000000
3029.86000000 -874.26000000 -272.00000000
2990.26000000 -913.85800000 -272.00000000
9813 4
2998.75000000 -928.00000000 -284.00000000
2987.43135746 -916.68735675 -284.00000000
2990.26000000 -913.85800000 -272.00000000
2995.92000000 -919.51500000 -272.00000000
9804 4
3032.69500322 -871.42599703 -284.00000000
3043.99792963 -882.74292707 -284.00000000
3035.51000000 -879.91700000 -272.00000000
3029.86000000 -874.26000000 -272.00000000
9792 4
3043.99792963 -882.74292707 -284.00000000
2998.75000000 -928.00000000 -284.00000000
2995.92000000 -919.51500000 -272.00000000
3035.51000000 -879.91700000 -272.00000000
-1 -1
0
10 4
604.25725070 -1052.57275101 -336.00000000
609.91175176 -1046.91475118 -336.00000000
649.50881175 -1086.51618606 -336.00000000
643.85549945 -1092.16749967 -336.00000000
469 4
646.68600000 -1095.00000000 -348.00000000
658.00000000 -1083.69000000 -348.00000000
612.74500000 -1038.43000000 -348.00000000
601.43200000 -1049.75000000 -348.00000000
9776 4
612.74500000 -1038.43000000 -348.00000000
658.00000000 -1083.69000000 -348.00000000
649.50881175 -1086.51618606 -336.00000000
609.91175176 -1046.91475118 -336.00000000
9767 4
658.00000000 -1083.69000000 -348.00000000
646.68600000 -1095.00000000 -348.00000000
643.85549945 -1092.16749967 -336.00000000
649.50881175 -1086.51618606 -336.00000000
9763 4
601.43200000 -1049.75000000 -348.00000000
612.74500000 -1038.43000000 -348.00000000
609.91175176 -1046.91475118 -336.00000000
604.25725070 -1052.57275101 -336.00000000
9761 4
646.68600000 -1095.00000000 -348.00000000
601.43200000 -1049.75000000 -348.00000000
604.25725070 -1052.57275101 -336.00000000
643.85549945 -1092.16749967 -336.00000000
-1 -1
0
469 4
1140.00000000 -960.00000000 -348.00000000
1076.00000000 -960.00000000 -348.00000000
1076.00000000 -976.00000000 -348.00000000
1140.00000000 -976.00000000 -348.00000000
10 4
1080.00000000 -968.00000000 -336.00000000
1080.00000000 -960.00000000 -336.00000000
1136.00000000 -960.00000000 -336.00000000
1136.00000000 -968.00000000 -336.00000000
3906 4
1076.00000000 -960.00000000 -348.00000000
1140.00000000 -960.00000000 -348.00000000
1136.00000000 -960.00000000 -336.00000000
1080.00000000 -960.00000000 -336.00000000
9781 4
1076.00000000 -976.00000000 -348.00000000
1076.00000000 -960.00000000 -348.00000000
1080.00000000 -960.00000000 -336.00000000
1080.00000000 -968.00000000 -336.00000000
9774 4
1140.00000000 -960.00000000 -348.00000000
1140.00000000 -976.00000000 -348.00000000
1136.00000000 -968.00000000 -336.00000000
1136.00000000 -960.00000000 -336.00000000
9769 4
1140.00000000 -976.00000000 -348.00000000
1076.00000000 -976.00000000 -348.00000000
1080.00000000 -968.00000000 -336.00000000
1136.00000000 -968.00000000 -336.00000000
-1 -1
0
8316 4
760.00000000 292.00000000 -488.00000000
760.00000000 348.00000000 -488.00000000
768.00000000 348.00000000 -488.00000000
768.00000000 292.00000000 -488.00000000
3807 4
752.00000000 352.00000000 -500.00000000
752.00000000 288.00000000 -500.00000000
768.00000000 288.00000000 -500.00000000
768.00000000 352.00000000 -500.00000000
3888 4
768.00000000 352.00000000 -500.00000000
768.00000000 288.00000000 -500.00000000
768.00000000 292.00000000 -488.00000000
768.00000000 348.00000000 -488.00000000
9785 4
752.00000000 288.00000000 -500.00000000
752.00000000 352.00000000 -500.00000000
760.00000000 348.00000000 -488.00000000
760.00000000 292.00000000 -488.00000000
9779 4
768.00000000 288.00000000 -500.00000000
752.00000000 288.00000000 -500.00000000
760.00000000 292.00000000 -488.00000000
768.00000000 292.00000000 -488.00000000
9772 4
752.00000000 352.00000000 -500.00000000
768.00000000 352.00000000 -500.00000000
768.00000000 348.00000000 -488.00000000
760.00000000 348.00000000 -488.00000000
-1 -1
-1
-1
-1
-1
-1
-1
-1
-1
-1
-1
-1
-1
-1
-1
-1
-1
-1
-1
-1
-1
-1
-1
-1
-1
-1
-1
-1
-1
-1
-1
-1
-1
-1
-1
-1
-1
-1
-1
-1
-1
-1
-1
-1
-1
-1
-1
-1
-1
-1
-1
-1
-1
-1
-1
-1
-1
-1
-1
-1
-1
-1
-1
-1
-1
-1
-1
-1
-1
-1
-1
-1
-1
-1
-1
-1
-1
-1
